%YAML:1.0

#--------------------------------------------------------------------------------------------
# Camera Parameters. Adjust them!
#--------------------------------------------------------------------------------------------

# Camera calibration and distortion parameters (OpenCV) 
Camera.fx: 6.9760604285147838e+02
Camera.fy: 6.9764869981903871e+02
Camera.cx: 6.7137305994143287e+02
Camera.cy: 3.6401999872738418e+02

Camera.k1: -1.6988920434257210e-01
Camera.k2: 3.3918807726354252e-03
Camera.p1: 3.3744771250019447e-04
Camera.p2: -6.7715473188145864e-05

Camera.width: 1280
Camera.height: 720

# Camera frames per second 
Camera.fps: 30

# stereo baseline times fx
Camera.bf: 83.438694

# Color order of the images (0: BGR, 1: RGB. It is ignored if images are grayscale)
Camera.RGB: 1

# Close/Far threshold. Baseline times.
ThDepth: 35

#--------------------------------------------------------------------------------------------
# Stereo Rectification. Only if you need to pre-rectify the images.
# Camera.fx, .fy, etc must be the same as in LEFT.P
#--------------------------------------------------------------------------------------------
LEFT.height: 720
LEFT.width: 1280
LEFT.D: !!opencv-matrix
   rows: 1
   cols: 5
   dt: d
   data:[-1.6077063778396908e-01, 3.3918807726354252e-03,
       3.3744771250019447e-04, -6.7715473188145864e-05,
       1.3114715359073771e-02]
LEFT.K: !!opencv-matrix
   rows: 3
   cols: 3
   dt: d
   data: [6.9760604285147838e+02, 0., 6.7137305994143287e+02, 0.,
       6.9764869981903871e+02, 3.6401999872738418e+02, 0., 0., 1.]
LEFT.R:  !!opencv-matrix
   rows: 3
   cols: 3
   dt: d
   data: [9.9982149137193532e-01, -1.0943492362975348e-03,
       1.8862337886586381e-02, 1.0257000519619133e-03,
       9.9999281716572141e-01, 3.6487746391417287e-03,
       -1.8866195435279010e-02, -3.6287762004363834e-03,
       9.9981543229392356e-01]
LEFT.P:  !!opencv-matrix
   rows: 3
   cols: 4
   dt: d
   data: [6.9813208345062810e+02, 0., 6.7616082763671875e+02, 0., 0.,
       6.9813208345062810e+02, 3.7283627700805664e+02, 0., 0., 0., 1.,
       0.]

RIGHT.height: 720
RIGHT.width: 1280
RIGHT.D: !!opencv-matrix
   rows: 1
   cols: 5
   dt: d
   data:[-1.6988920434257210e-01, 2.2358538770333950e-02,
       -6.1958682336296612e-04, -2.0431944025381597e-04,
       1.8283925437396968e-03]
RIGHT.K: !!opencv-matrix
   rows: 3
   cols: 3
   dt: d
   data: [6.9874500173277920e+02, 0., 6.7661518459439367e+02, 0.,
       6.9861546708221749e+02, 3.7484717659510903e+02, 0., 0., 1.]
RIGHT.R:  !!opencv-matrix
   rows: 3
   cols: 3
   dt: d
   data: [9.9999559758892775e-01, -1.8240631711593115e-03,
       2.3404265232322974e-03, 1.8326035013409262e-03,
       9.9999165180168448e-01, -3.6521077948452971e-03,
       -2.3337453095618570e-03, 3.6563807906066117e-03,
       9.9999059221191888e-01]
RIGHT.P:  !!opencv-matrix
   rows: 3
   cols: 4
   dt: d
   data: [6.9813208345062810e+02, 0., 6.7616082763671875e+02,
       -8.3438694090764628e+01, 0., 6.9813208345062810e+02,
       3.7283627700805664e+02, 0., 0., 0., 1., 0.]

#--------------------------------------------------------------------------------------------
# ORB Parameters
#--------------------------------------------------------------------------------------------

# ORB Extractor: Number of features per image
ORBextractor.nFeatures: 1200

# ORB Extractor: Scale factor between levels in the scale pyramid 	
ORBextractor.scaleFactor: 1.2

# ORB Extractor: Number of levels in the scale pyramid	
ORBextractor.nLevels: 8

# ORB Extractor: Fast threshold
# Image is divided in a grid. At each cell FAST are extracted imposing a minimum response.
# Firstly we impose iniThFAST. If no corners are detected we impose a lower value minThFAST
# You can lower these values if your images have low contrast			
ORBextractor.iniThFAST: 20
ORBextractor.minThFAST: 7

#--------------------------------------------------------------------------------------------
# Viewer Parameters
#--------------------------------------------------------------------------------------------
Viewer.KeyFrameSize: 0.05
Viewer.KeyFrameLineWidth: 1
Viewer.GraphLineWidth: 0.9
Viewer.PointSize:2
Viewer.CameraSize: 0.08
Viewer.CameraLineWidth: 3
Viewer.ViewpointX: 0
Viewer.ViewpointY: -0.7
Viewer.ViewpointZ: -1.8
Viewer.ViewpointF: 500

Map.mapfile: map.bin
